350
150
300
500
100
4550
5100
3400
5850
50
1800
4150
1100
7800
4450
450
6550
2650
4600
5550
3100
1100
2050
6550
4600
900
3350
5900
650
100
1800
5600
50
5700
3050
2850
1900
3400
1150
1000
800
2600
7050
2050
3950
3800
3700
5050
950
3900
2800
4700
250
250
2600
100
6450
2100
6500
5750
4650
6850
7300
7800
2150
5150
6150
1700
3900
3300
6050
3800
6050
5600
900
4500
2150
1700
200
7200
2250
450
6650
6950
2800
5550
5150
5000
6100
2650
3550
3150
1450
3500
3600
5450
2550
4600
2950
5050
5600
3500
2850
6500
1800
5100
7000
2400
4750
6550
4050
3150
2400
2050
150
1350
4800
850
2600
1300
4350
3150
900
6750
550
5250
5050
700
5700
200
1950
6800
6800
5050
5550
1150
1900
1550
6900
4950
4550
4350
2750
6900
3500
2250
4650
4900
1550
5050
3550
350
6900
450
6850
2600
2150
900
3150
850
1000
6650
450
4050
2050
7050
3500
5400
700
6950
2550
3950
2850
4150
950
6950
1350
4500
3350
1600
3900
2700
7550
5750
3200
7650
3500
1000
6050
2150
5100
5000
2900
2400
1100
6750
5250
500
5700
3150
1400
6950
5600
2850
6400
3150
5000
6450
1750
1200
3950
1450
5350
5100
6900
6150
450
3800
6000
1800
4800
5400
5350
6950
5600
5250
5100
4600
7200
3400
450
3550
2450
1500
4850
4450
3500
3000
3650
6400
2550
4750
1550
2450
1900
4500
4150
2100
700
2550
550
3600
1650
2550
1100
5150
6850
100
1000
5300
5350
2050
6500
7150
7050
1400
2700
3300
2050
5950
6650
2500
6000
6900
2100
400
5450
1850
7550
1250
6800
800
6700
3500
2850
7600
4500
6400
5850
3250
2350
4200
1800
6300
2400
4300
250
5050
950
1800
6250
1150
4500
2050
6550
1000
4850
150
5850
3050
6650
1200
1500
4850
3100
3550
3550
1800
2600
3900
3100
7100
3300
5300
3650
7250
6000
1500
4550
3600
4450
1650
4250
1300
2450
1050
5900
150
4900
400
950
1550
4900
5650
250
1650
1400
5500
3550
6700
6700
5400
700
3550
4400
5550
4850
1050
800
5200
6350
7150
400
5550
5950
3600
4000
5900
750
1350
6700
6500
2750
2200
7650
5900
2950
5350
2700
4000
4050
6150
2100
6250
3800
4850
5700
5250
3150
3900
2100
50
7050
5150
500
6500
6050
1650
1650
4600
5800
4450
5600
6000
4200
7050
1450
4150
6400
5250
450
3050
6750
4400
1700
650
450
7650
6400
4750
5400
900
6050
5100
2100
7150
3000
4350
7100
500
4950
2700
1350
2750
7250
1650
3500
6050
4000
3300
2400
6700
5400
4700
4550
2400
2900
7200
500
5700
2850
6800
2450
3200
1350
5250
1550
4550
2300
5250
2900
6900
1800
650
5400
4050
4850
1350
5550
1400
7150
6900
6800
1350
6150
4000
5700
1250
4500
1300
1050
4700
2450
3350
2750
1100
6600
6000
7100
7300
6750
3150
150
1750
4050
3600
2600
6200
3750
5000
6850
5550
5050
5550
1000
1200
1100
1250
450
3900
5500
5350
3100
3350
5450
6050
6850
3450
4350
6300
5000
5450
5600
6200
3250
2450
2800
6900
6400
850
900
150
3200
6250
2350
4750
5950
2050
2400
6150
2550
6700
5300
4750
2400
3850
3650
7400
1900
4450
1750
2450
4300
5300
5450
6900
3850
2300
3000
3900
4650
5500
5000
7550
6850
1000
3200
1650
2350
1650
5400
5450
2950
6400
1800
4950
6200
100
50
4050
1250
1300
2450
3550
2300
6050
5650
1100
100
4200
4600
4100
350
5300
2000
3700
4850
5350
7450
950
2050
3200
3600
2250
5400
5500
2700
1400
4000
6950
5150
7200
5100
7100
7500
2750
3600
2350
2150
100
5700
7400
3050
500
2100
1350
1750
4800
4400
1050
7000
7400
7600
3600
2000
6800
6600
5800
4950
3150
1200
500
5300
1950
400
1750
300
6200
4350
600
2350
6650
3550
5900
5900
5450
3500
2750
7050
1100
2550
100
900
6750
3500
3100
5550
3900
6950
1550
1900
4300
1400
5500
2600
6600
7200
4400
3850
7750
3500
4200
1300
850
2800
4700
2850
900
3650
3450
5950
3500
150
1750
1300
700
6950
4300
5450
7500
150
3900
550
4500
5100
4500
6800
6700
5700
3100
4000
3500
4300
4700
50
1700
4100
3500
2000
500
6000
4200
150
4400
5800
7100
4400
1600
1350
1550
1100
300
6600
4100
7400
6000
6100
6900
3050
5850
1450
1300
2450
950
6300
750
7200
250
6550
5850
6150
6150
4700
2350
550
400
5450
7250
2200
4750
1100
4350
5550
4200
2700
1800
1550
2550
4900
5700
1700
1200
5000
5800
2000
5600
3000
7150
1550
5950
1700
5600
4250
6750
2050
7350
400
3550
4950
4150
1150
1500
450
3950
2250
2000
4500
2450
4800
6700
4350
900
1400
2550
450
1500
400
7350
1700
6300
5700
2000
2150
6850
1950
4850
2550
700
4050
2600
350
3500
1200
700
4600
7300
7450
700
4750
3450
6500
6700
7700
2350
1450
1050
850
5100
5600
1500
6600
3800
7050
2800
5350
6250
3750
2700
1400
6450
2000
1550
2450
6850
4250
3950
5500
2050
2550
5400
1700
5200
4350
3300
2750
4100
3900
4800
300
7050
3900
2750
7200
3550
1600
850
1650
2100
4750
550
6500
6500
6700
800
5500
6900
800
6600
5500
200
5000
5100
3250
350
2800
5050
3100
5800
2450
7000
7150
5050
4550
5950
950
3300
1450
3550
4700
6100
7450
6150
150
1950
5100
4000
150
4950
2350
1600
300
4750
1800
2300
2650
4050
7150
4600
6500
7100
3100
3750
700
1250
1700
7050
2000
7250
6700
4900
2700
4900
1900
5100
3100
2000
1350
7400
7150
1250
850
5200
5200
5550
150
5700
3800
6650
3750
2150
2500
950
2750
2300
5950
4100
1950
4200
150
3900
2050
4650
750
850
2000
6400
4200
5100
200
6900
50
2500
2500
5700
6550
2150
3400
2950
4050
6300
3550
3050
4700
150
4100
7650
450
600
7300
800
5050
2200
2800
2800
5700
409500
